R = 0.22;
L = 1e-3;
ke = 0.5;
km = 0.5;
J = 3.6e-4;